lat: 60.169857
lng: 24.938379
